2022/03/07-18:51:24.932975 7f364f5a3700 RocksDB version: 6.19.0
2022/03/07-18:51:24.933072 7f364f5a3700 Compile date 2022-03-01 16:42:49
2022/03/07-18:51:24.933172 7f364f5a3700 DB SUMMARY
2022/03/07-18:51:24.933183 7f364f5a3700 DB Session ID:  6E7NDBII4TOR0Z93TXGQ
2022/03/07-18:51:24.933247 7f364f5a3700 CURRENT file:  CURRENT
2022/03/07-18:51:24.933251 7f364f5a3700 IDENTITY file:  IDENTITY
2022/03/07-18:51:24.933257 7f364f5a3700 MANIFEST file:  MANIFEST-000015 size: 229 Bytes
2022/03/07-18:51:24.933261 7f364f5a3700 SST files in bd dir, Total Num: 2, files: 000008.sst 000014.sst 
2022/03/07-18:51:24.933264 7f364f5a3700 Write Ahead Log file in bd: 000016.log size: 178 ; 
2022/03/07-18:51:24.933268 7f364f5a3700                         Options.error_if_exists: 0
2022/03/07-18:51:24.933270 7f364f5a3700                       Options.create_if_missing: 1
2022/03/07-18:51:24.933271 7f364f5a3700                         Options.paranoid_checks: 1
2022/03/07-18:51:24.933273 7f364f5a3700                               Options.track_and_verify_wals_in_manifest: 0
2022/03/07-18:51:24.933275 7f364f5a3700                                     Options.env: 0x7f3630ad36a0
2022/03/07-18:51:24.933277 7f364f5a3700                                      Options.fs: Posix File System
2022/03/07-18:51:24.933278 7f364f5a3700                                Options.info_log: 0x7f36482b3b90
2022/03/07-18:51:24.933280 7f364f5a3700                Options.max_file_opening_threads: 16
2022/03/07-18:51:24.933282 7f364f5a3700                              Options.statistics: (nil)
2022/03/07-18:51:24.933283 7f364f5a3700                               Options.use_fsync: 0
2022/03/07-18:51:24.933285 7f364f5a3700                       Options.max_log_file_size: 0
2022/03/07-18:51:24.933286 7f364f5a3700                  Options.max_manifest_file_size: 1073741824
2022/03/07-18:51:24.933288 7f364f5a3700                   Options.log_file_time_to_roll: 0
2022/03/07-18:51:24.933289 7f364f5a3700                       Options.keep_log_file_num: 1000
2022/03/07-18:51:24.933291 7f364f5a3700                    Options.recycle_log_file_num: 0
2022/03/07-18:51:24.933292 7f364f5a3700                         Options.allow_fallocate: 1
2022/03/07-18:51:24.933294 7f364f5a3700                        Options.allow_mmap_reads: 0
2022/03/07-18:51:24.933295 7f364f5a3700                       Options.allow_mmap_writes: 0
2022/03/07-18:51:24.933297 7f364f5a3700                        Options.use_direct_reads: 0
2022/03/07-18:51:24.933298 7f364f5a3700                        Options.use_direct_io_for_flush_and_compaction: 0
2022/03/07-18:51:24.933300 7f364f5a3700          Options.create_missing_column_families: 0
2022/03/07-18:51:24.933301 7f364f5a3700                              Options.db_log_dir: 
2022/03/07-18:51:24.933303 7f364f5a3700                                 Options.wal_dir: bd
2022/03/07-18:51:24.933305 7f364f5a3700                Options.table_cache_numshardbits: 6
2022/03/07-18:51:24.933306 7f364f5a3700                         Options.WAL_ttl_seconds: 0
2022/03/07-18:51:24.933307 7f364f5a3700                       Options.WAL_size_limit_MB: 0
2022/03/07-18:51:24.933309 7f364f5a3700                        Options.max_write_batch_group_size_bytes: 1048576
2022/03/07-18:51:24.933310 7f364f5a3700             Options.manifest_preallocation_size: 4194304
2022/03/07-18:51:24.933312 7f364f5a3700                     Options.is_fd_close_on_exec: 1
2022/03/07-18:51:24.933313 7f364f5a3700                   Options.advise_random_on_open: 1
2022/03/07-18:51:24.933315 7f364f5a3700                    Options.db_write_buffer_size: 0
2022/03/07-18:51:24.933316 7f364f5a3700                    Options.write_buffer_manager: 0x7f36482b1c10
2022/03/07-18:51:24.933318 7f364f5a3700         Options.access_hint_on_compaction_start: 1
2022/03/07-18:51:24.933319 7f364f5a3700  Options.new_table_reader_for_compaction_inputs: 0
2022/03/07-18:51:24.933320 7f364f5a3700           Options.random_access_max_buffer_size: 1048576
2022/03/07-18:51:24.933322 7f364f5a3700                      Options.use_adaptive_mutex: 0
2022/03/07-18:51:24.933323 7f364f5a3700                            Options.rate_limiter: (nil)
2022/03/07-18:51:24.933346 7f364f5a3700     Options.sst_file_manager.rate_bytes_per_sec: 0
2022/03/07-18:51:24.933350 7f364f5a3700                       Options.wal_recovery_mode: 2
2022/03/07-18:51:24.933352 7f364f5a3700                  Options.enable_thread_tracking: 0
2022/03/07-18:51:24.933353 7f364f5a3700                  Options.enable_pipelined_write: 0
2022/03/07-18:51:24.933355 7f364f5a3700                  Options.unordered_write: 0
2022/03/07-18:51:24.933356 7f364f5a3700         Options.allow_concurrent_memtable_write: 1
2022/03/07-18:51:24.933357 7f364f5a3700      Options.enable_write_thread_adaptive_yield: 1
2022/03/07-18:51:24.933359 7f364f5a3700             Options.write_thread_max_yield_usec: 100
2022/03/07-18:51:24.933360 7f364f5a3700            Options.write_thread_slow_yield_usec: 3
2022/03/07-18:51:24.933362 7f364f5a3700                               Options.row_cache: None
2022/03/07-18:51:24.933363 7f364f5a3700                              Options.wal_filter: None
2022/03/07-18:51:24.933365 7f364f5a3700             Options.avoid_flush_during_recovery: 0
2022/03/07-18:51:24.933366 7f364f5a3700             Options.allow_ingest_behind: 0
2022/03/07-18:51:24.933367 7f364f5a3700             Options.preserve_deletes: 0
2022/03/07-18:51:24.933369 7f364f5a3700             Options.two_write_queues: 0
2022/03/07-18:51:24.933370 7f364f5a3700             Options.manual_wal_flush: 0
2022/03/07-18:51:24.933372 7f364f5a3700             Options.atomic_flush: 0
2022/03/07-18:51:24.933373 7f364f5a3700             Options.avoid_unnecessary_blocking_io: 0
2022/03/07-18:51:24.933374 7f364f5a3700                 Options.persist_stats_to_disk: 0
2022/03/07-18:51:24.933376 7f364f5a3700                 Options.write_dbid_to_manifest: 0
2022/03/07-18:51:24.933377 7f364f5a3700                 Options.log_readahead_size: 0
2022/03/07-18:51:24.933379 7f364f5a3700                 Options.file_checksum_gen_factory: Unknown
2022/03/07-18:51:24.933380 7f364f5a3700                 Options.best_efforts_recovery: 0
2022/03/07-18:51:24.933382 7f364f5a3700                Options.max_bgerror_resume_count: 2147483647
2022/03/07-18:51:24.933383 7f364f5a3700            Options.bgerror_resume_retry_interval: 1000000
2022/03/07-18:51:24.933385 7f364f5a3700             Options.allow_data_in_errors: 0
2022/03/07-18:51:24.933386 7f364f5a3700             Options.db_host_id: __hostname__
2022/03/07-18:51:24.933389 7f364f5a3700             Options.max_background_jobs: 2
2022/03/07-18:51:24.933390 7f364f5a3700             Options.max_background_compactions: -1
2022/03/07-18:51:24.933392 7f364f5a3700             Options.max_subcompactions: 1
2022/03/07-18:51:24.933394 7f364f5a3700             Options.avoid_flush_during_shutdown: 0
2022/03/07-18:51:24.933395 7f364f5a3700           Options.writable_file_max_buffer_size: 1048576
2022/03/07-18:51:24.933397 7f364f5a3700             Options.delayed_write_rate : 16777216
2022/03/07-18:51:24.933398 7f364f5a3700             Options.max_total_wal_size: 0
2022/03/07-18:51:24.933400 7f364f5a3700             Options.delete_obsolete_files_period_micros: 21600000000
2022/03/07-18:51:24.933401 7f364f5a3700                   Options.stats_dump_period_sec: 600
2022/03/07-18:51:24.933403 7f364f5a3700                 Options.stats_persist_period_sec: 600
2022/03/07-18:51:24.933404 7f364f5a3700                 Options.stats_history_buffer_size: 1048576
2022/03/07-18:51:24.933406 7f364f5a3700                          Options.max_open_files: -1
2022/03/07-18:51:24.933408 7f364f5a3700                          Options.bytes_per_sync: 0
2022/03/07-18:51:24.933409 7f364f5a3700                      Options.wal_bytes_per_sync: 0
2022/03/07-18:51:24.933411 7f364f5a3700                   Options.strict_bytes_per_sync: 0
2022/03/07-18:51:24.933412 7f364f5a3700       Options.compaction_readahead_size: 0
2022/03/07-18:51:24.933414 7f364f5a3700                  Options.max_background_flushes: -1
2022/03/07-18:51:24.933415 7f364f5a3700 Compression algorithms supported:
2022/03/07-18:51:24.933420 7f364f5a3700 	kZSTDNotFinalCompression supported: 0
2022/03/07-18:51:24.933440 7f364f5a3700 	kZSTD supported: 0
2022/03/07-18:51:24.933444 7f364f5a3700 	kXpressCompression supported: 0
2022/03/07-18:51:24.933446 7f364f5a3700 	kLZ4HCCompression supported: 0
2022/03/07-18:51:24.933447 7f364f5a3700 	kLZ4Compression supported: 0
2022/03/07-18:51:24.933449 7f364f5a3700 	kBZip2Compression supported: 0
2022/03/07-18:51:24.933450 7f364f5a3700 	kZlibCompression supported: 0
2022/03/07-18:51:24.933452 7f364f5a3700 	kSnappyCompression supported: 0
2022/03/07-18:51:24.933463 7f364f5a3700 Fast CRC32 supported: Supported on x86
2022/03/07-18:51:24.933604 7f364f5a3700 [/version_set.cc:4590] Recovering from manifest file: bd/MANIFEST-000015
2022/03/07-18:51:24.933909 7f364f5a3700 [/column_family.cc:598] --------------- Options for column family [default]:
2022/03/07-18:51:24.933919 7f364f5a3700               Options.comparator: leveldb.BytewiseComparator
2022/03/07-18:51:24.933921 7f364f5a3700           Options.merge_operator: None
2022/03/07-18:51:24.933923 7f364f5a3700        Options.compaction_filter: None
2022/03/07-18:51:24.933927 7f364f5a3700        Options.compaction_filter_factory: None
2022/03/07-18:51:24.933929 7f364f5a3700  Options.sst_partitioner_factory: None
2022/03/07-18:51:24.933931 7f364f5a3700         Options.memtable_factory: SkipListFactory
2022/03/07-18:51:24.933932 7f364f5a3700            Options.table_factory: BlockBasedTable
2022/03/07-18:51:24.933978 7f364f5a3700            table_factory options:   flush_block_policy_factory: FlushBlockBySizePolicyFactory (0x7f36482affc0)
  cache_index_and_filter_blocks: 0
  cache_index_and_filter_blocks_with_high_priority: 1
  pin_l0_filter_and_index_blocks_in_cache: 0
  pin_top_level_index_and_filter: 1
  index_type: 0
  data_block_index_type: 0
  index_shortening: 1
  data_block_hash_table_util_ratio: 0.750000
  hash_index_allow_collision: 1
  checksum: 1
  no_block_cache: 0
  block_cache: 0x7f36482b0018
  block_cache_name: LRUCache
  block_cache_options:
    capacity : 8388608
    num_shard_bits : 4
    strict_capacity_limit : 0
    memory_allocator : None
    high_pri_pool_ratio: 0.000
  block_cache_compressed: (nil)
  persistent_cache: (nil)
  block_size: 4096
  block_size_deviation: 10
  block_restart_interval: 16
  index_block_restart_interval: 1
  metadata_block_size: 4096
  partition_filters: 0
  use_delta_encoding: 1
  filter_policy: nullptr
  whole_key_filtering: 1
  verify_compression: 0
  read_amp_bytes_per_bit: 0
  format_version: 5
  enable_index_compression: 1
  block_align: 0
2022/03/07-18:51:24.933983 7f364f5a3700        Options.write_buffer_size: 67108864
2022/03/07-18:51:24.933984 7f364f5a3700  Options.max_write_buffer_number: 2
2022/03/07-18:51:24.933991 7f364f5a3700          Options.compression: NoCompression
2022/03/07-18:51:24.933994 7f364f5a3700                  Options.bottommost_compression: Disabled
2022/03/07-18:51:24.933996 7f364f5a3700       Options.prefix_extractor: nullptr
2022/03/07-18:51:24.933998 7f364f5a3700   Options.memtable_insert_with_hint_prefix_extractor: nullptr
2022/03/07-18:51:24.934002 7f364f5a3700             Options.num_levels: 7
2022/03/07-18:51:24.934004 7f364f5a3700        Options.min_write_buffer_number_to_merge: 1
2022/03/07-18:51:24.934005 7f364f5a3700     Options.max_write_buffer_number_to_maintain: 0
2022/03/07-18:51:24.934007 7f364f5a3700     Options.max_write_buffer_size_to_maintain: 0
2022/03/07-18:51:24.934008 7f364f5a3700            Options.bottommost_compression_opts.window_bits: -14
2022/03/07-18:51:24.934010 7f364f5a3700                  Options.bottommost_compression_opts.level: 32767
2022/03/07-18:51:24.934011 7f364f5a3700               Options.bottommost_compression_opts.strategy: 0
2022/03/07-18:51:24.934013 7f364f5a3700         Options.bottommost_compression_opts.max_dict_bytes: 0
2022/03/07-18:51:24.934014 7f364f5a3700         Options.bottommost_compression_opts.zstd_max_train_bytes: 0
2022/03/07-18:51:24.934016 7f364f5a3700         Options.bottommost_compression_opts.parallel_threads: 1
2022/03/07-18:51:24.934017 7f364f5a3700                  Options.bottommost_compression_opts.enabled: false
2022/03/07-18:51:24.934042 7f364f5a3700         Options.bottommost_compression_opts.max_dict_buffer_bytes: 0
2022/03/07-18:51:24.934046 7f364f5a3700            Options.compression_opts.window_bits: -14
2022/03/07-18:51:24.934047 7f364f5a3700                  Options.compression_opts.level: 32767
2022/03/07-18:51:24.934049 7f364f5a3700               Options.compression_opts.strategy: 0
2022/03/07-18:51:24.934050 7f364f5a3700         Options.compression_opts.max_dict_bytes: 0
2022/03/07-18:51:24.934052 7f364f5a3700         Options.compression_opts.zstd_max_train_bytes: 0
2022/03/07-18:51:24.934053 7f364f5a3700         Options.compression_opts.parallel_threads: 1
2022/03/07-18:51:24.934055 7f364f5a3700                  Options.compression_opts.enabled: false
2022/03/07-18:51:24.934057 7f364f5a3700         Options.compression_opts.max_dict_buffer_bytes: 0
2022/03/07-18:51:24.934058 7f364f5a3700      Options.level0_file_num_compaction_trigger: 4
2022/03/07-18:51:24.934060 7f364f5a3700          Options.level0_slowdown_writes_trigger: 20
2022/03/07-18:51:24.934061 7f364f5a3700              Options.level0_stop_writes_trigger: 36
2022/03/07-18:51:24.934063 7f364f5a3700                   Options.target_file_size_base: 67108864
2022/03/07-18:51:24.934064 7f364f5a3700             Options.target_file_size_multiplier: 1
2022/03/07-18:51:24.934066 7f364f5a3700                Options.max_bytes_for_level_base: 268435456
2022/03/07-18:51:24.934068 7f364f5a3700 Options.level_compaction_dynamic_level_bytes: 0
2022/03/07-18:51:24.934069 7f364f5a3700          Options.max_bytes_for_level_multiplier: 10.000000
2022/03/07-18:51:24.934072 7f364f5a3700 Options.max_bytes_for_level_multiplier_addtl[0]: 1
2022/03/07-18:51:24.934074 7f364f5a3700 Options.max_bytes_for_level_multiplier_addtl[1]: 1
2022/03/07-18:51:24.934076 7f364f5a3700 Options.max_bytes_for_level_multiplier_addtl[2]: 1
2022/03/07-18:51:24.934077 7f364f5a3700 Options.max_bytes_for_level_multiplier_addtl[3]: 1
2022/03/07-18:51:24.934079 7f364f5a3700 Options.max_bytes_for_level_multiplier_addtl[4]: 1
2022/03/07-18:51:24.934080 7f364f5a3700 Options.max_bytes_for_level_multiplier_addtl[5]: 1
2022/03/07-18:51:24.934082 7f364f5a3700 Options.max_bytes_for_level_multiplier_addtl[6]: 1
2022/03/07-18:51:24.934084 7f364f5a3700       Options.max_sequential_skip_in_iterations: 8
2022/03/07-18:51:24.934085 7f364f5a3700                    Options.max_compaction_bytes: 1677721600
2022/03/07-18:51:24.934087 7f364f5a3700                        Options.arena_block_size: 8388608
2022/03/07-18:51:24.934088 7f364f5a3700   Options.soft_pending_compaction_bytes_limit: 68719476736
2022/03/07-18:51:24.934090 7f364f5a3700   Options.hard_pending_compaction_bytes_limit: 274877906944
2022/03/07-18:51:24.934092 7f364f5a3700       Options.rate_limit_delay_max_milliseconds: 100
2022/03/07-18:51:24.934093 7f364f5a3700                Options.disable_auto_compactions: 0
2022/03/07-18:51:24.934095 7f364f5a3700                        Options.compaction_style: kCompactionStyleLevel
2022/03/07-18:51:24.934097 7f364f5a3700                          Options.compaction_pri: kMinOverlappingRatio
2022/03/07-18:51:24.934098 7f364f5a3700 Options.compaction_options_universal.size_ratio: 1
2022/03/07-18:51:24.934100 7f364f5a3700 Options.compaction_options_universal.min_merge_width: 2
2022/03/07-18:51:24.934101 7f364f5a3700 Options.compaction_options_universal.max_merge_width: 4294967295
2022/03/07-18:51:24.934103 7f364f5a3700 Options.compaction_options_universal.max_size_amplification_percent: 200
2022/03/07-18:51:24.934104 7f364f5a3700 Options.compaction_options_universal.compression_size_percent: -1
2022/03/07-18:51:24.934106 7f364f5a3700 Options.compaction_options_universal.stop_style: kCompactionStopStyleTotalSize
2022/03/07-18:51:24.934107 7f364f5a3700 Options.compaction_options_fifo.max_table_files_size: 1073741824
2022/03/07-18:51:24.934109 7f364f5a3700 Options.compaction_options_fifo.allow_compaction: 0
2022/03/07-18:51:24.934121 7f364f5a3700                   Options.table_properties_collectors: 
2022/03/07-18:51:24.934140 7f364f5a3700                   Options.inplace_update_support: 0
2022/03/07-18:51:24.934143 7f364f5a3700                 Options.inplace_update_num_locks: 10000
2022/03/07-18:51:24.934145 7f364f5a3700               Options.memtable_prefix_bloom_size_ratio: 0.000000
2022/03/07-18:51:24.934147 7f364f5a3700               Options.memtable_whole_key_filtering: 0
2022/03/07-18:51:24.934149 7f364f5a3700   Options.memtable_huge_page_size: 0
2022/03/07-18:51:24.934150 7f364f5a3700                           Options.bloom_locality: 0
2022/03/07-18:51:24.934152 7f364f5a3700                    Options.max_successive_merges: 0
2022/03/07-18:51:24.934153 7f364f5a3700                Options.optimize_filters_for_hits: 0
2022/03/07-18:51:24.934154 7f364f5a3700                Options.paranoid_file_checks: 0
2022/03/07-18:51:24.934156 7f364f5a3700                Options.force_consistency_checks: 1
2022/03/07-18:51:24.934157 7f364f5a3700                Options.report_bg_io_stats: 0
2022/03/07-18:51:24.934159 7f364f5a3700                               Options.ttl: 2592000
2022/03/07-18:51:24.934160 7f364f5a3700          Options.periodic_compaction_seconds: 0
2022/03/07-18:51:24.934162 7f364f5a3700                    Options.enable_blob_files: false
2022/03/07-18:51:24.934163 7f364f5a3700                        Options.min_blob_size: 0
2022/03/07-18:51:24.934165 7f364f5a3700                       Options.blob_file_size: 268435456
2022/03/07-18:51:24.934167 7f364f5a3700                Options.blob_compression_type: NoCompression
2022/03/07-18:51:24.934169 7f364f5a3700       Options.enable_blob_garbage_collection: false
2022/03/07-18:51:24.934171 7f364f5a3700   Options.blob_garbage_collection_age_cutoff: 0.250000
2022/03/07-18:51:24.935719 7f364f5a3700 [/version_set.cc:4638] Recovered from manifest file:bd/MANIFEST-000015 succeeded,manifest_file_number is 15, next_file_number is 17, last_sequence is 6, log_number is 11,prev_log_number is 0,max_column_family is 0,min_log_number_to_keep is 0
2022/03/07-18:51:24.935727 7f364f5a3700 [/version_set.cc:4647] Column family [default] (ID 0), log number is 11
2022/03/07-18:51:24.935881 7f364f5a3700 [/version_set.cc:4118] Creating manifest 19
2022/03/07-18:51:24.937910 7f364f5a3700 EVENT_LOG_v1 {"time_micros": 1646650284937890, "job": 1, "event": "recovery_started", "wal_files": [16]}
2022/03/07-18:51:24.937920 7f364f5a3700 [/db_impl/db_impl_open.cc:853] Recovering log #16 mode 2
2022/03/07-18:51:24.938043 7f364f5a3700 [DEBUG] [/db_impl/db_impl_open.cc:1341] [default] [WriteLevel0TableForRecovery] Level-0 table #20: started
2022/03/07-18:51:24.939224 7f364f5a3700 EVENT_LOG_v1 {"time_micros": 1646650284939180, "cf_name": "default", "job": 1, "event": "table_file_creation", "file_number": 20, "file_size": 1080, "file_checksum": "", "file_checksum_func_name": "Unknown", "table_properties": {"data_size": 166, "index_size": 31, "index_partitions": 0, "top_level_index_size": 0, "index_key_is_user_key": 1, "index_value_is_delta_encoded": 1, "filter_size": 0, "raw_key_size": 43, "raw_average_key_size": 21, "raw_value_size": 107, "raw_average_value_size": 53, "num_data_blocks": 1, "num_entries": 2, "num_deletions": 0, "num_merge_operands": 0, "num_range_deletions": 0, "format_version": 0, "fixed_key_len": 0, "filter_policy": "", "column_family_name": "default", "column_family_id": 0, "comparator": "leveldb.BytewiseComparator", "merge_operator": "nullptr", "prefix_extractor_name": "nullptr", "property_collectors": "[]", "compression": "NoCompression", "compression_options": "window_bits=-14; level=32767; strategy=0; max_dict_bytes=0; zstd_max_train_bytes=0; enabled=0; max_dict_buffer_bytes=0; ", "creation_time": 1646650284, "oldest_key_time": 0, "file_creation_time": 0, "slow_compression_estimated_data_size": 0, "fast_compression_estimated_data_size": 0, "db_id": "6d0fd7d0-8462-4c78-b553-4922707c781f", "db_session_id": "6E7NDBII4TOR0Z93TXGQ"}}
2022/03/07-18:51:24.939261 7f364f5a3700 [DEBUG] [/db_impl/db_impl_open.cc:1395] [default] [WriteLevel0TableForRecovery] Level-0 table #20: 1080 bytes OK
2022/03/07-18:51:24.939307 7f364f5a3700 [/version_set.cc:4118] Creating manifest 21
2022/03/07-18:51:24.941142 7f364f5a3700 EVENT_LOG_v1 {"time_micros": 1646650284941134, "job": 1, "event": "recovery_finished"}
2022/03/07-18:51:24.941437 7f364f5a3700 [DEBUG] [/db_impl/db_impl_files.cc:337] [JOB 2] Delete bd/MANIFEST-000019 type=3 #19 -- OK
2022/03/07-18:51:24.941490 7f364f5a3700 [DEBUG] [/db_impl/db_impl_files.cc:337] [JOB 2] Delete bd/MANIFEST-000015 type=3 #15 -- OK
2022/03/07-18:51:24.941609 7f364f5a3700 [le/delete_scheduler.cc:77] Deleted file bd/000016.log immediately, rate_bytes_per_sec 0, total_trash_size 0 max_trash_db_ratio 0.250000
2022/03/07-18:51:24.941625 7f364f5a3700 [DEBUG] [/db_impl/db_impl_files.cc:337] [JOB 2] Delete bd/000016.log type=0 #16 -- OK
2022/03/07-18:51:24.944082 7f364f5a3700 [/db_impl/db_impl_open.cc:1736] SstFileManager instance 0x7f36482b4160
2022/03/07-18:51:24.944145 7f364f5a3700 DB pointer 0x7f36482b2010
2022/03/07-18:51:24.944503 7f35ecff9700 [/db_impl/db_impl.cc:932] ------- DUMPING STATS -------
2022/03/07-18:51:24.944542 7f35ecff9700 [/db_impl/db_impl.cc:933] 
** DB Stats **
Uptime(secs): 0.0 total, 0.0 interval
Cumulative writes: 0 writes, 0 keys, 0 commit groups, 0.0 writes per commit group, ingest: 0.00 GB, 0.00 MB/s
Cumulative WAL: 0 writes, 0 syncs, 0.00 writes per sync, written: 0.00 GB, 0.00 MB/s
Cumulative stall: 00:00:0.000 H:M:S, 0.0 percent
Interval writes: 0 writes, 0 keys, 0 commit groups, 0.0 writes per commit group, ingest: 0.00 MB, 0.00 MB/s
Interval WAL: 0 writes, 0 syncs, 0.00 writes per sync, written: 0.00 MB, 0.00 MB/s
Interval stall: 00:00:0.000 H:M:S, 0.0 percent

** Compaction Stats [default] **
Level    Files   Size     Score Read(GB)  Rn(GB) Rnp1(GB) Write(GB) Wnew(GB) Moved(GB) W-Amp Rd(MB/s) Wr(MB/s) Comp(sec) CompMergeCPU(sec) Comp(cnt) Avg(sec) KeyIn KeyDrop Rblob(GB) Wblob(GB)
------------------------------------------------------------------------------------------------------------------------------------------------------------------------------------------------
  L0      3/0    3.29 KB   0.8      0.0     0.0      0.0       0.0      0.0       0.0   1.0      0.0      0.8      0.00              0.00         1    0.001       0      0       0.0       0.0
 Sum      3/0    3.29 KB   0.0      0.0     0.0      0.0       0.0      0.0       0.0   1.0      0.0      0.8      0.00              0.00         1    0.001       0      0       0.0       0.0
 Int      0/0    0.00 KB   0.0      0.0     0.0      0.0       0.0      0.0       0.0   1.0      0.0      0.8      0.00              0.00         1    0.001       0      0       0.0       0.0

** Compaction Stats [default] **
Priority    Files   Size     Score Read(GB)  Rn(GB) Rnp1(GB) Write(GB) Wnew(GB) Moved(GB) W-Amp Rd(MB/s) Wr(MB/s) Comp(sec) CompMergeCPU(sec) Comp(cnt) Avg(sec) KeyIn KeyDrop Rblob(GB) Wblob(GB)
---------------------------------------------------------------------------------------------------------------------------------------------------------------------------------------------------
User      0/0    0.00 KB   0.0      0.0     0.0      0.0       0.0      0.0       0.0   0.0      0.0      0.8      0.00              0.00         1    0.001       0      0       0.0       0.0

Blob file count: 0, total size: 0.0 GB

Uptime(secs): 0.0 total, 0.0 interval
Flush(GB): cumulative 0.000, interval 0.000
AddFile(GB): cumulative 0.000, interval 0.000
AddFile(Total Files): cumulative 0, interval 0
AddFile(L0 Files): cumulative 0, interval 0
AddFile(Keys): cumulative 0, interval 0
Cumulative compaction: 0.00 GB write, 0.10 MB/s write, 0.00 GB read, 0.00 MB/s read, 0.0 seconds
Interval compaction: 0.00 GB write, 0.10 MB/s write, 0.00 GB read, 0.00 MB/s read, 0.0 seconds
Stalls(count): 0 level0_slowdown, 0 level0_slowdown_with_compaction, 0 level0_numfiles, 0 level0_numfiles_with_compaction, 0 stop for pending_compaction_bytes, 0 slowdown for pending_compaction_bytes, 0 memtable_compaction, 0 memtable_slowdown, interval 0 total count

** File Read Latency Histogram By Level [default] **

** Compaction Stats [default] **
Level    Files   Size     Score Read(GB)  Rn(GB) Rnp1(GB) Write(GB) Wnew(GB) Moved(GB) W-Amp Rd(MB/s) Wr(MB/s) Comp(sec) CompMergeCPU(sec) Comp(cnt) Avg(sec) KeyIn KeyDrop Rblob(GB) Wblob(GB)
------------------------------------------------------------------------------------------------------------------------------------------------------------------------------------------------
  L0      3/0    3.29 KB   0.8      0.0     0.0      0.0       0.0      0.0       0.0   1.0      0.0      0.8      0.00              0.00         1    0.001       0      0       0.0       0.0
 Sum      3/0    3.29 KB   0.0      0.0     0.0      0.0       0.0      0.0       0.0   1.0      0.0      0.8      0.00              0.00         1    0.001       0      0       0.0       0.0
 Int      0/0    0.00 KB   0.0      0.0     0.0      0.0       0.0      0.0       0.0   0.0      0.0      0.0      0.00              0.00         0    0.000       0      0       0.0       0.0

** Compaction Stats [default] **
Priority    Files   Size     Score Read(GB)  Rn(GB) Rnp1(GB) Write(GB) Wnew(GB) Moved(GB) W-Amp Rd(MB/s) Wr(MB/s) Comp(sec) CompMergeCPU(sec) Comp(cnt) Avg(sec) KeyIn KeyDrop Rblob(GB) Wblob(GB)
---------------------------------------------------------------------------------------------------------------------------------------------------------------------------------------------------
User      0/0    0.00 KB   0.0      0.0     0.0      0.0       0.0      0.0       0.0   0.0      0.0      0.8      0.00              0.00         1    0.001       0      0       0.0       0.0

Blob file count: 0, total size: 0.0 GB

Uptime(secs): 0.0 total, 0.0 interval
Flush(GB): cumulative 0.000, interval 0.000
AddFile(GB): cumulative 0.000, interval 0.000
AddFile(Total Files): cumulative 0, interval 0
AddFile(L0 Files): cumulative 0, interval 0
AddFile(Keys): cumulative 0, interval 0
Cumulative compaction: 0.00 GB write, 0.10 MB/s write, 0.00 GB read, 0.00 MB/s read, 0.0 seconds
Interval compaction: 0.00 GB write, 0.00 MB/s write, 0.00 GB read, 0.00 MB/s read, 0.0 seconds
Stalls(count): 0 level0_slowdown, 0 level0_slowdown_with_compaction, 0 level0_numfiles, 0 level0_numfiles_with_compaction, 0 stop for pending_compaction_bytes, 0 slowdown for pending_compaction_bytes, 0 memtable_compaction, 0 memtable_slowdown, interval 0 total count

** File Read Latency Histogram By Level [default] **
